279,3
279,2
279,1
279,0
278,3
278,2
278,1
278,0
277,3
277,2
277,1
277,0
276,3
276,2
276,1
276,0
275,3
275,2
275,1
275,0
274,3
274,2
274,1
274,0
273,3
273,2
273,1
273,0
272,3
272,2
272,1
272,0
271,5
271,4
271,3
271,2
271,1
271,0
270,3
270,2
270,1
270,0
269,9
269,8
269,7
269,6
269,5
269,4
269,3
269,2
269,1
269,0
268,5
268,4
268,3
268,2
268,1
268,0
267,4
267,3
267,2
267,1
267,0
266,13
266,12
266,11
266,10
266,9
266,8
266,7
266,6
266,5
266,4
266,3
266,2
266,1
266,0
265,3
265,2
265,1
265,0
264,3
264,2
264,1
264,0
263,4
263,3
263,2
263,1
263,0
262,3
262,2
262,1
262,0
261,3
261,2
261,1
261,0
260,5
260,4
260,3
260,2
260,1
260,0
259,4
259,3
259,2
259,1
259,0
258,12
258,10
258,9
258,8
258,7
258,6
258,5
258,4
258,3
258,2
258,1
258,0
257,5
257,4
257,3
257,2
257,1
257,0
256,5
256,4
256,3
256,2
256,1
256,0
255,5
255,4
255,3
255,2
255,1
255,0
254,5
254,4
254,3
254,2
254,1
254,0
253,3
253,2
253,1
253,0
252,4
252,3
252,2
252,1
252,0
251,3
251,2
251,1
251,0
250,3
250,2
250,1
250,0
249,4
249,3
249,2
249,1
249,0
248,4
248,3
248,2
248,1
248,0
247,4
247,3
247,2
247,1
247,0
246,6
246,5
246,4
246,3
246,2
246,1
246,0
245,9
245,8
245,7
245,6
245,5
245,4
245,3
245,2
245,1
245,0
244,4
244,3
244,2
244,1
244,0
243,5
243,4
243,3
243,2
243,1
243,0
2,68
2,67
2,66
2,65
2,64
2,36
2,35
2,34
2,33
2,32
2,31
2,30
2,29
2,28
2,27
2,26
2,25
2,24
1,5
1,4
0,9
0,1
279,4
279,5
279,7
279,8
280,0
280,1
280,3
280,5
281,0
281,2
281,3
282,0
282,2
282,3
282,5
283,0
283,2
283,3
284,1
284,3
285,0
285,2
285,3
286,0
286,2
286,3
287,0
287,1
287,3
287,4
288,1
288,3
288,4
289,0
289,1
289,3
290,0
290,1
290,3
291,0
291,2
291,3
292,0
4,3
292,2
292,4
292,5
292,7
292,9
293,0
1,3
2,3
293,3
293,5
293,6
294,1
294,2
295,0
295,1
295,3
296,1
296,2
296,4
296,5
297,0
297,2
297,3
298,1
298,2
298,4
298,5
298,7
299,1
299,2
300,0
300,1
300,3
301,1
301,2
301,4
302,0
302,2
302,3
302,5
303,1
303,2
303,4
303,5
304,0
304,2
304,3
305,0
305,1
305,3
306,0
306,1
306,3
307,0
307,2
307,3
308,0
308,2
308,3
308,5
308,6
308,8
309,0
309,1
309,3
309,4
310,0
310,1
310,3
310,5
311,0
311,2
311,3
312,0
312,2
312,3
313,1
313,2
313,4
313,5
313,7
313,9
314,0
314,2
314,3
314,5
315,1
315,2
315,4
316,0
316,2
316,3
317,1
317,3
318,0
318,2
318,3
319,1
319,3
319,4
319,6
319,7
320,1
320,3
320,4
320,6
321,0
321,2
321,3
322,1
322,3
322,4
323,1
323,2
324,0
324,2
324,3
325,0
325,1
325,3
325,4
326,1
326,3
326,4
327,0
327,1
327,3
328,0
328,1
328,3
328,4
329,1
329,2
330,0
330,2
330,3
331,1
331,2
331,4
332,1
332,2
333,0
333,1
333,3
334,1
334,2
334,4
335,0
335,2
335,3
336,0
336,2
336,3
336,5
336,6
337,1
337,3
337,4
337,6
337,7
337,9
337,10
337,12
337,14
337,15
337,17
337,18
337,20
338,1
338,2
338,4
339,0
339,2
339,3
339,5
340,0
340,1
340,3
340,4
341,0
341,2
341,3
341,5
341,6
342,1
342,2
342,4
343,1
343,2
343,4
343,5
345,1
345,3
346,0
346,2
346,3
347,1
347,3
347,4
348,0
348,1
348,3
348,4
348,6
348,8
349,0
349,2
349,3
350,0
350,2
350,3
351,1
351,2
352,0
352,1
352,3
353,0
353,1
353,3
354,0
354,2
354,4
354,5
354,7
355,0
355,2
355,3
356,1
356,3
356,4
357,1
357,2
357,4
358,0
358,1
358,3
358,4
359,0
359,2
359,3
360,1
360,2
361,0
361,1
361,3
362,1
362,2
362,4
363,0
363,2
364,0
364,1
364,3
365,0
365,2
365,3
366,0
366,2
366,3
367,0
367,1
367,3
368,1
368,2
368,4
368,5
369,0
369,1
369,3
369,5
370,0
370,2
370,3
370,5
370,7
370,8
371,1
371,2
371,4
372,0
372,1
372,3
372,4
372,6
373,0
373,2
373,4
374,0
374,2
374,3
374,5
375,1
375,2
375,4
376,0
376,2
376,3
377,1
377,3
378,0
378,2
378,3
379,0
379,2
379,3
379,5
380,0
380,2
380,3
381,1
381,3
382,0
382,2
382,3
383,1
383,3
383,4
384,0
384,1
384,3
385,0
385,2
385,4
386,0
386,2
386,3
387,1
387,3
387,4
387,6
387,7
387,9
387,11
387,12
387,14
387,15
388,0
388,1
388,3
389,0
389,1
389,3
389,4
390,0
390,2
390,3
391,0
391,1
391,3
392,0
392,2
392,4
392,5
392,7
392,8
392,10
393,0
393,1
393,3
394,0
394,2
394,3
394,5
394,7
394,8
395,1
395,2
395,4
396,1
396,2
396,4
397,0
397,2
398,0
398,1
398,3
398,4
399,1
399,2
400,0
400,2
400,3
401,1
401,2
402,0
402,2
402,3
403,1
403,2
403,4
403,5
403,7
404,1
404,2
404,4
405,0
405,2
405,4
405,5
406,0
406,1
406,3
406,4
407,0
407,2
407,3
407,5
408,0
408,2
409,0
409,1
409,3
410,0
410,2
410,3
411,1
411,3
412,0
412,2
412,3
413,0
413,2
413,3
414,0
414,1
414,3
415,1
415,2
415,4
416,0
416,2
416,3
417,1
417,3
417,4
418,1
418,2
419,0
419,2
419,3
419,5
419,6
419,8
419,9
419,11
419,13
419,14
420,0
420,1
420,3
420,5
420,6
420,8
420,9
421,1
421,2
421,4
422,1
422,2
423,0
423,1
423,3
424,0
424,1
424,3
424,4
424,6
425,1
425,2
426,0
426,1
426,3
427,0
427,2
427,4
427,5
427,7
427,8
427,10
427,12
427,13
428,1
428,2
428,4
429,0
429,2
429,4
430,0
430,2
430,3
431,0
431,2
431,3
432,1
432,2
432,4
432,5
432,7
433,0
433,1
433,3
433,4
433,6
434,1
434,2
434,4
434,5
434,7
434,8
435,1
435,3
435,4
436,0
436,1
436,3
437,1
437,2
438,0
438,1
438,3
439,1
439,2
440,0
440,1
440,3
440,4
441,1
441,3
442,0
442,2
442,3
443,1
443,3
443,4
444,1
444,2
444,4
444,5
445,0
445,2
445,3
445,5
445,6
446,1
446,3
446,4
446,6
447,0
447,2
447,3
447,5
448,1
448,2
449,0
449,1
449,3
450,1
450,2
451,0
451,1
451,3
451,5
452,0
452,2
452,3
453,0
453,1
453,3
453,5
454,0
454,2
454,3
455,0
455,2
455,3
456,1
456,2
457,0
457,1
457,3
457,5
457,6
458,1
458,2
459,0
459,2
459,3
460,0
460,1
460,3
460,4
461,0
461,2
461,3
461,5
462,0
462,2
463,0
463,1
463,3
463,4
464,0
464,2
464,3
465,0
465,1
465,3
465,4
466,0
466,2
466,3
467,1
467,2
467,4
468,1
468,2
468,4
469,0
469,2
469,3
469,5
469,7
470,0
470,2
470,3
471,1
471,3
471,4
478,1
478,2
479,0
479,1
479,3
480,1
480,2
481,0
481,1
481,3
482,1
482,2
483,0
483,1
483,3
484,0
484,2
485,0
485,1
485,3
486,0
486,2
487,0
487,1
487,3
488,0
488,2
489,0
489,1
489,3
489,4
490,0
490,1
490,3
491,0
491,1
491,3
491,4
492,1
492,3
493,0
493,2
493,3
494,1
494,2
495,0
495,2
495,3
496,1
496,2
497,0
497,2
497,3
498,1
498,2
499,0
499,1
499,3
499,5
499,6
500,1
500,2
501,0
501,2
501,3
502,0
502,1
502,3
503,1
503,2
503,4
504,0
504,2
504,3
505,0
505,2
505,3
506,1
506,2
525,0
525,2
525,3
528,0
528,1
528,3
528,4
529,1
529,3
529,4
530,0
530,1
530,3
531,1
531,2
532,0
532,1
532,3
533,0
533,2
537,0
537,1
537,3
539,0
539,2
539,4
542,0
542,2
542,3
543,1
543,2
543,4
545,0
545,1
545,3
546,0
546,2
547,0
547,1
547,3
548,0
548,2
549,0
549,1
549,3
550,0
550,2
550,3
552,1
552,3
552,4
552,6
553,0
553,2
553,4
553,3
553,1
552,5
552,2
552,0
550,1
549,2
548,3
548,1
547,2
546,3
546,1
545,2
543,5
543,3
543,0
542,1
539,3
539,1
537,2
533,3
533,1
532,2
531,3
531,0
530,2
529,5
529,2
529,0
528,2
525,4
525,1
506,3
506,0
505,1
504,4
504,1
503,3
503,0
502,2
501,4
501,1
500,3
500,0
499,4
499,2
498,3
498,0
497,1
496,3
496,0
495,1
494,3
494,0
493,1
492,2
492,0
491,2
490,4
490,2
489,5
489,2
488,3
488,1
487,2
486,3
486,1
485,2
484,3
484,1
483,2
482,3
482,0
481,2
480,3
480,0
479,2
478,3
478,0
471,2
471,0
470,1
469,6
469,4
469,1
468,3
468,0
467,3
467,0
466,1
465,5
465,2
464,4
464,1
463,5
463,2
462,3
462,1
461,4
461,1
460,5
460,2
459,4
459,1
458,3
458,0
457,4
457,2
456,3
456,0
455,1
454,4
454,1
453,4
453,2
452,4
452,1
451,4
451,2
450,3
450,0
449,2
448,3
448,0
447,4
447,1
446,5
446,2
446,0
445,4
445,1
444,6
444,3
444,0
443,2
443,0
442,1
441,2
441,0
440,2
439,3
439,0
438,2
437,3
437,0
436,2
435,5
435,2
435,0
434,6
434,3
434,0
433,5
433,2
432,8
432,6
432,3
432,0
431,1
430,4
430,1
429,3
429,1
428,3
428,0
427,11
427,9
427,6
427,3
427,1
426,2
425,3
425,0
424,5
424,2
423,4
423,2
422,3
422,0
421,3
421,0
420,7
420,4
420,2
419,15
419,12
419,10
419,7
419,4
419,1
418,3
418,0
417,2
417,0
416,1
415,3
415,0
414,2
413,4
413,1
412,4
412,1
411,2
411,0
410,1
409,2
408,3
408,1
407,4
407,1
406,5
406,2
405,6
405,3
405,1
404,3
404,0
403,6
403,3
403,0
402,1
401,3
401,0
400,1
399,3
399,0
398,2
397,3
397,1
396,3
396,0
395,3
395,0
394,6
394,4
394,1
393,2
392,11
392,9
392,6
392,3
392,1
391,2
390,4
390,1
389,5
389,2
388,4
388,2
387,16
387,13
387,10
387,8
387,5
387,2
387,0
386,1
385,3
385,1
384,2
383,5
383,2
383,0
382,1
381,2
381,0
380,1
379,4
379,1
378,4
378,1
377,2
377,0
376,1
375,3
375,0
374,4
374,1
373,3
373,1
372,5
372,2
371,5
371,3
371,0
370,6
370,4
370,1
369,4
369,2
368,6
368,3
368,0
367,2
366,4
366,1
365,4
365,1
364,2
363,3
363,1
362,3
362,0
361,2
360,3
360,0
359,1
358,5
358,2
357,5
357,3
357,0
356,2
356,0
355,1
354,6
354,3
354,1
353,2
352,4
352,2
351,3
351,0
350,1
349,4
349,1
348,7
348,5
348,2
347,5
347,2
347,0
346,1
345,2
345,0
343,3
343,0
342,3
342,0
341,4
341,1
340,5
340,2
339,6
339,4
339,1
338,3
338,0
337,19
337,16
337,13
337,11
337,8
337,5
337,2
337,0
336,4
336,1
335,4
335,1
334,3
334,0
333,2
332,3
332,0
331,3
331,0
330,1
329,3
329,0
328,2
327,4
327,2
326,5
326,2
326,0
325,2
324,4
324,1
323,3
323,0
322,2
322,0
321,1
320,5
320,2
320,0
319,5
319,2
319,0
318,1
317,2
317,0
316,1
315,3
315,0
314,4
314,1
313,8
313,6
313,3
313,0
312,1
311,4
311,1
310,4
310,2
309,5
309,2
308,9
308,7
308,4
308,1
307,4
307,1
306,2
305,4
305,2
304,4
304,1
303,6
303,3
303,0
302,4
302,1
301,3
301,0
300,2
299,3
299,0
298,6
298,3
298,0
297,1
296,6
296,3
296,0
295,2
294,3
294,0
293,4
293,2
293,1
292,8
292,6
292,3
292,1
291,4
291,1
290,2
289,4
289,2
288,5
288,2
288,0
287,2
286,4
286,1
285,4
285,1
284,2
284,0
283,1
282,4
282,1
281,4
281,1
280,4
280,2
279,9
279,6
0,329
0,422
0,399
0,300
0,299
0,325
0,298
0,297
0,296
0,295
0,294
0,293
0,349
0,292
0,291
0,290
0,289
0,288
0,287
0,286
0,285
0,284
0,283
0,282
0,281
0,280
0,279
0,278
0,277
0,276
0,275
0,274
0,273
0,272
0,271
0,270
0,269
0,268
0,267
0,266
0,265
0,264
0,263
0,262
0,261
0,260
0,259
0,258
0,257
0,256
0,255
0,254
0,253
0,252
0,251
0,250
0,249
0,248
0,247
0,246
0,245
0,244
0,242
0,241
0,240
0,239
0,238
0,237
0,236
0,235
0,234
0,233
0,232
0,231
0,230
0,229
0,228
0,227
0,226
0,225
0,224
0,223
0,222
0,221
0,220
0,219
0,218
0,217
0,216
0,215
0,214
0,213
0,212
0,211
0,210
0,209
0,208
0,207
0,206
0,205
0,204
0,203
0,202
0,201
0,200
0,199
0,198
0,197
0,196
0,195
0,194
0,193
0,192
0,63
0,62
0,61
0,60
0,59
0,58
0,57
0,56
0,55
0,54
0,53
0,52
0,51
0,50
0,49
0,48
0,47
0,46
0,331
0,45
0,328
0,6
0,0
0,5
0,304
0,303
0,306
0,305
0,302
0,378
0,12
0,417
0,10
0,337
0,8
0,335
0,11
0,2
0,4
0,3
0,7
